*****************************************************3mm*****************************************************
Log RF Decision SVM
[[32.0, 41.0, 44.0, 50.0, 50.0, 50.0, 50.0, 50.0, 50.0, 47.0], [32.0, 34.0, 40.0, 49.0, 50.0, 48.0, 47.0, 50.0, 50.0, 47.0], [33.0, 41.0, 40.0, 50.0, 50.0, 50.0, 50.0, 49.0, 50.0, 49.0], [33.0, 41.0, 40.0, 50.0, 50.0, 50.0, 50.0, 49.0, 50.0, 49.0]]
[[38.0, 37.0, 43.0, 49.0, 50.0, 50.0, 50.0, 50.0, 50.0, 49.0], [36.0, 36.0, 47.0, 46.0, 50.0, 48.0, 47.0, 50.0, 48.0, 49.0], [36.0, 38.0, 42.0, 50.0, 50.0, 50.0, 50.0, 49.0, 50.0, 49.0], [36.0, 38.0, 42.0, 50.0, 50.0, 50.0, 50.0, 49.0, 50.0, 49.0]]
[[39.0, 37.0, 34.0, 49.0, 50.0, 50.0, 50.0, 50.0, 50.0, 49.0], [30.0, 33.0, 37.0, 44.0, 50.0, 50.0, 48.0, 50.0, 48.0, 49.0], [38.0, 37.0, 43.0, 49.0, 50.0, 49.0, 50.0, 50.0, 50.0, 46.0], [38.0, 37.0, 43.0, 49.0, 50.0, 49.0, 50.0, 50.0, 50.0, 46.0]]
[[30.0, 40.0, 43.0, 50.0, 50.0, 50.0, 50.0, 50.0, 50.0, 47.0], [30.0, 38.0, 45.0, 49.0, 50.0, 49.0, 47.0, 50.0, 48.0, 49.0], [31.0, 42.0, 41.0, 50.0, 50.0, 50.0, 50.0, 50.0, 50.0, 48.0], [31.0, 42.0, 41.0, 50.0, 50.0, 50.0, 50.0, 50.0, 50.0, 48.0]]
ave
[32.5, 39.25, 41.0, 49.75, 50.0, 49.5, 49.25, 49.5, 50.0, 48.0]
[36.5, 37.25, 43.5, 48.75, 50.0, 49.5, 49.25, 49.5, 49.5, 49.0]
[36.25, 36.0, 39.25, 47.75, 50.0, 49.5, 49.5, 50.0, 49.5, 47.5]
[30.5, 40.5, 42.5, 49.75, 50.0, 49.75, 49.25, 50.0, 49.5, 48.0]

accuracy
Log RF Decision SVM
[45.875, 46.275, 45.525, 45.975]



*****************************************************telecom_adpcm_c*****************************************************
[[28.0, 36.0, 41.0, 46.0, 50.0, 50.0, 49.0, 48.0, 49.0, 48.0], [31.0, 36.0, 39.0, 49.0, 48.0, 48.0, 50.0, 49.0, 49.0, 50.0], [32.0, 34.0, 36.0, 49.0, 49.0, 50.0, 50.0, 49.0, 50.0, 50.0], [32.0, 36.0, 35.0, 49.0, 50.0, 50.0, 50.0, 50.0, 50.0, 50.0]]
[[32.0, 33.0, 37.0, 48.0, 50.0, 50.0, 50.0, 50.0, 50.0, 50.0], [35.0, 35.0, 39.0, 49.0, 49.0, 50.0, 50.0, 49.0, 50.0, 50.0], [41.0, 39.0, 40.0, 44.0, 50.0, 50.0, 50.0, 50.0, 50.0, 50.0], [39.0, 41.0, 46.0, 49.0, 50.0, 50.0, 50.0, 49.0, 50.0, 50.0]]
[[33.0, 31.0, 30.0, 49.0, 50.0, 50.0, 50.0, 50.0, 50.0, 50.0], [30.0, 33.0, 42.0, 50.0, 50.0, 50.0, 50.0, 50.0, 49.0, 48.0], [31.0, 42.0, 37.0, 48.0, 49.0, 50.0, 50.0, 50.0, 50.0, 50.0], [31.0, 32.0, 41.0, 49.0, 48.0, 49.0, 50.0, 49.0, 50.0, 50.0]]
[[31.0, 33.0, 36.0, 47.0, 50.0, 50.0, 49.0, 48.0, 49.0, 48.0], [32.0, 38.0, 41.0, 49.0, 48.0, 48.0, 50.0, 49.0, 49.0, 50.0], [36.0, 35.0, 36.0, 49.0, 49.0, 50.0, 50.0, 49.0, 50.0, 50.0], [33.0, 29.0, 34.0, 49.0, 50.0, 50.0, 50.0, 50.0, 50.0, 50.0]]

ave
[30.75, 35.5, 37.75, 48.25, 49.25, 49.5, 49.75, 49.0, 49.5, 49.5]
[36.75, 37.0, 40.5, 47.5, 49.75, 50.0, 50.0, 49.5, 50.0, 50.0]
[31.25, 34.5, 37.5, 49.0, 49.25, 49.75, 50.0, 49.75, 49.75, 49.5]
[33.0, 33.75, 36.75, 48.5, 49.25, 49.5, 49.75, 49.0, 49.5, 49.5]

accuarcy
Log RF Decision SVM
[44.875, 46.1, 45.025, 44.85]


*****************************************************heat-3d*****************************************************
[[38.0, 41.0, 42.0, 46.0, 48.0, 50.0, 50.0, 50.0, 50.0, 49.0], [39.0, 37.0, 44.0, 50.0, 50.0, 49.0, 50.0, 49.0, 50.0, 50.0], [36.0, 42.0, 46.0, 50.0, 50.0, 50.0, 50.0, 50.0, 49.0, 50.0], [32.0, 33.0, 47.0, 50.0, 50.0, 50.0, 50.0, 50.0, 50.0, 50.0]]
[[40.0, 45.0, 44.0, 46.0, 48.0, 50.0, 50.0, 50.0, 50.0, 50.0], [41.0, 40.0, 47.0, 50.0, 50.0, 50.0, 50.0, 50.0, 50.0, 50.0], [41.0, 44.0, 49.0, 50.0, 50.0, 50.0, 50.0, 50.0, 50.0, 50.0], [45.0, 42.0, 45.0, 50.0, 49.0, 50.0, 50.0, 50.0, 50.0, 50.0]]
[[39.0, 48.0, 43.0, 47.0, 50.0, 50.0, 50.0, 50.0, 50.0, 50.0], [40.0, 34.0, 47.0, 50.0, 50.0, 49.0, 50.0, 49.0, 50.0, 50.0], [38.0, 37.0, 47.0, 50.0, 50.0, 50.0, 50.0, 50.0, 50.0, 50.0], [37.0, 37.0, 45.0, 50.0, 50.0, 50.0, 50.0, 50.0, 50.0, 50.0]]
[[37.0, 42.0, 43.0, 46.0, 48.0, 50.0, 50.0, 50.0, 50.0, 49.0], [37.0, 32.0, 45.0, 50.0, 50.0, 49.0, 50.0, 49.0, 50.0, 50.0], [33.0, 42.0, 45.0, 49.0, 49.0, 50.0, 50.0, 50.0, 49.0, 50.0], [32.0, 34.0, 46.0, 50.0, 50.0, 50.0, 50.0, 50.0, 50.0, 50.0]]

ave
[36.25, 38.25, 44.75, 49.0, 49.5, 49.75, 50.0, 49.75, 49.75, 49.75]
[41.75, 42.75, 46.25, 49.0, 49.25, 50.0, 50.0, 50.0, 50.0, 50.0]
[38.5, 39.0, 45.5, 49.25, 50.0, 49.75, 50.0, 49.75, 50.0, 50.0]
[34.75, 37.5, 44.75, 48.75, 49.25, 49.75, 50.0, 49.75, 49.75, 49.75]

accuracy
Log RF Decision SVM
[46.675, 47.9, 47.175, 46.4]

*****************************************************automotive_susan_s*****************************************************
[[39.0, 40.0, 47.0, 50.0, 50.0, 50.0, 49.0, 50.0, 50.0, 50.0], [41.0, 38.0, 45.0, 50.0, 50.0, 50.0, 50.0, 49.0, 50.0, 50.0], [35.0, 44.0, 47.0, 50.0, 50.0, 50.0, 50.0, 50.0, 49.0, 50.0], [32.0, 35.0, 43.0, 50.0, 50.0, 50.0, 50.0, 49.0, 50.0, 50.0]]
[[38.0, 37.0, 44.0, 50.0, 50.0, 50.0, 50.0, 50.0, 50.0, 50.0], [39.0, 38.0, 46.0, 50.0, 50.0, 50.0, 50.0, 50.0, 50.0, 50.0], [37.0, 39.0, 49.0, 50.0, 50.0, 50.0, 50.0, 50.0, 50.0, 50.0], [42.0, 48.0, 43.0, 50.0, 50.0, 50.0, 50.0, 47.0, 50.0, 50.0]]
[[42.0, 45.0, 48.0, 48.0, 50.0, 50.0, 50.0, 48.0, 50.0, 50.0], [37.0, 38.0, 43.0, 49.0, 50.0, 50.0, 50.0, 50.0, 50.0, 50.0], [39.0, 39.0, 43.0, 50.0, 50.0, 50.0, 50.0, 49.0, 50.0, 50.0], [30.0, 45.0, 47.0, 49.0, 47.0, 50.0, 49.0, 50.0, 50.0, 50.0]]
[[33.0, 37.0, 46.0, 50.0, 50.0, 50.0, 49.0, 50.0, 50.0, 50.0], [33.0, 30.0, 46.0, 50.0, 50.0, 50.0, 50.0, 50.0, 50.0, 50.0], [31.0, 33.0, 44.0, 50.0, 50.0, 50.0, 50.0, 49.0, 50.0, 50.0], [34.0, 41.0, 46.0, 50.0, 50.0, 50.0, 50.0, 50.0, 49.0, 50.0]]

ave
[36.75, 39.25, 45.5, 50.0, 50.0, 50.0, 49.75, 49.5, 49.75, 50.0]
[39.0, 40.5, 45.5, 50.0, 50.0, 50.0, 50.0, 49.25, 50.0, 50.0]
[37.0, 41.75, 45.25, 49.0, 49.25, 50.0, 49.75, 49.25, 50.0, 50.0]
[32.75, 35.25, 45.5, 50.0, 50.0, 50.0, 49.75, 49.75, 49.75, 50.0]

accuracy
Log RF Decision SVM
[47.05, 47.425, 47.125, 46.275]

*****************************************************consumer_jpeg_c*****************************************************
[[33.0, 34.0, 41.0, 47.0, 50.0, 50.0, 50.0, 50.0, 50.0, 50.0], [36.0, 36.0, 41.0, 48.0, 50.0, 50.0, 49.0, 50.0, 50.0, 50.0], [43.0, 38.0, 40.0, 45.0, 50.0, 49.0, 49.0, 50.0, 49.0, 49.0], [35.0, 37.0, 40.0, 48.0, 50.0, 50.0, 49.0, 50.0, 50.0, 50.0]]
[[43.0, 40.0, 40.0, 50.0, 50.0, 50.0, 50.0, 50.0, 48.0, 50.0], [37.0, 40.0, 43.0, 47.0, 50.0, 49.0, 50.0, 50.0, 50.0, 50.0], [37.0, 39.0, 41.0, 49.0, 50.0, 50.0, 49.0, 50.0, 50.0, 50.0], [40.0, 41.0, 40.0, 47.0, 50.0, 50.0, 50.0, 50.0, 50.0, 50.0]]
[[45.0, 44.0, 45.0, 50.0, 50.0, 50.0, 50.0, 50.0, 50.0, 50.0], [46.0, 48.0, 47.0, 49.0, 50.0, 50.0, 50.0, 50.0, 50.0, 50.0], [40.0, 44.0, 48.0, 50.0, 50.0, 50.0, 50.0, 50.0, 50.0, 50.0], [42.0, 48.0, 47.0, 50.0, 50.0, 49.0, 50.0, 50.0, 50.0, 50.0]]
[[34.0, 30.0, 35.0, 47.0, 50.0, 50.0, 50.0, 50.0, 50.0, 50.0], [29.0, 32.0, 43.0, 49.0, 48.0, 50.0, 50.0, 50.0, 48.0, 49.0], [33.0, 39.0, 40.0, 50.0, 50.0, 49.0, 49.0, 50.0, 49.0, 49.0], [38.0, 39.0, 43.0, 50.0, 50.0, 49.0, 50.0, 50.0, 48.0, 50.0]]

ave
[36.75, 36.25, 40.5, 47.0, 50.0, 49.75, 49.25, 50.0, 49.75, 49.75]
[39.25, 40.0, 41.0, 48.25, 50.0, 49.75, 49.75, 50.0, 49.5, 50.0]
[43.25, 46.0, 46.75, 49.75, 50.0, 49.75, 50.0, 50.0, 50.0, 50.0]
[33.5, 35.0, 40.25, 49.0, 49.5, 49.5, 49.75, 50.0, 48.75, 49.5]

accuracy
Log RF Decision SVM
[45.9, 46.75, 48.55, 45.475]



