-1.1936733810574418
-1.1799098991043677
-1.1582113546396806
-1.1818215126924483
-1.225967970205152
-1.229643488850915
-1.1723392100248589
-1.234175095190053
-1.2067993403820172
-1.1822171829772614
0,0,0,0,0,0,0,0,0,0,0,0,0,0,0,0,0,0,1,1,1,0,1,1,0,0,0,0,0,0,0,0,0,0,0,0,1,1,0,0,0,1,0,0,0,0,1,0,0,1,0,1,0,1,0,0,0,0,1,0,0,0,0,0,0,0,0,0,0,0,0,0,0,0,1,1,0,0,0,0,0,0,0,0,0,00,0,0,0,1,0,0,0,0,0,0,0,0,0,0,1,0,1,0,0,1,1,0,1,0,0,0,0,0,0,0,0,0,0,0,0,0,1,0,1,0,0,0,0,0,0,0,1,0,0,0,0,0,0,0,0,0,0,0,0,0,0,1,0,0,1,0,0,0,0,1,1,0,0,0,0,0,0,0,0,0,0,0,1,0,01,0,0,0,1,0,0,0,0,0,0,1,1,0,1,1,1,0,0,1,1,0,1,1,0,0,1,0,0,0,1,1,0,1,0,1,1,0,0,0,1,1,1,0,0,0,0,1,0,0,0,1,0,0,0,1,0,1,0,1,0,1,1,0,0,0,0,0,0,0,0,1,0,0,0,0,0,0,1,1,0,1,0,0,0,00,0,0,0,0,0,1,0,1,1,0,0,1,1,0,0,1,1,1,0,1,1,0,1,0,1,0,0,1,0,0,0,0,1,0,1,1,1,1,1,1,1,0,0,0,0,1,0,0,0,0,1,0,0,0,0,1,0,0,0,0,0,0,0,0,1,0,0,0,0,0,0,0,0,1,0,0,1,1,0,0,0,0,0,1,10,1,0,0,0,0,0,0,0,0,0,0,0,0,1,0,0,0,0,1,1,0,0,0,0,0,0,0,0,0,0,0,0,0,0,0,0,0,0,0,0,0,0,0,0,0,0,0,0,0,0,0,0,0,0,0,0,0,0,0,0,0,1,0,0,0,1,0,1,0,0,0,0,0,0,0,0,0,1,0,0,0,0,0,0,01,1,0,0,0,1,0,1,0,1,0,0,1,0,0,0,0,0,1,0,1,0,1,1,0,0,0,0,0,0,1,0,1,1,0,0,0,1,0,1,0,0,1,0,0,0,1,0,1,1,0,1,1,0,1,0,1,0,0,0,1,0,0,0,0,1,0,1,0,1,1,0,0,0,0,0,0,0,0,1,0,0,0,1,0,11,1,1,1,0,0,1,1,0,1,1,1,0,0,0,1,1,1,1,0,1,1,1,1,1,1,0,1,0,0,0,0,0,0,0,0,1,1,1,1,1,1,1,0,0,1,1,0,1,1,0,1,0,0,1,0,0,0,1,0,0,1,0,0,1,0,0,1,1,1,1,0,0,1,1,1,1,0,0,1,1,1,1,1,0,00,0,0,0,0,1,0,0,0,0,0,1,1,0,0,1,0,0,1,0,1,1,0,0,0,0,0,0,1,0,0,0,0,1,0,1,0,0,0,0,1,0,0,0,0,0,0,0,0,0,1,0,1,0,0,1,0,0,0,0,1,0,0,1,0,0,1,0,0,0,0,0,1,0,0,0,0,0,0,0,0,0,0,0,0,00,0,1,0,1,0,0,1,0,0,0,1,1,0,1,0,0,1,0,0,1,1,1,0,0,0,1,1,1,0,0,0,0,1,0,1,0,0,0,1,0,0,1,0,0,0,0,0,0,0,0,1,0,0,0,0,1,0,1,1,0,0,0,0,0,1,0,0,0,1,0,1,0,1,0,1,0,0,1,0,0,0,1,1,0,11,1,0,0,0,1,1,1,0,0,0,1,0,0,0,0,1,0,1,0,1,0,0,1,0,0,0,0,0,0,0,1,0,0,1,0,1,1,1,0,1,0,0,0,0,0,1,0,1,1,0,1,1,1,0,0,0,0,0,0,1,0,0,0,1,0,0,0,1,0,0,1,1,1,0,1,0,1,1,0,0,0,0,0,0,0