-1.6058852443937839
-1.5560405014187126
-1.6330798594271754
-1.5978931230918172
-1.5385622223813777
-1.3864187836832782
-1.36833474983006
-1.5292432731851557
-1.5452758069588193
-1.5451848299669444
1,1,0,1,1,1,1,1,0,1,1,0,0,1,1,1,0,1,0,0,0,0,1,0,0,1,1,0,1,0,0,1,0,1,1,1,1,1,0,1,0,0,0,0,0,0,0,0,0,0,1,1,1,0,0,0,1,0,1,0,0,1,0,1,1,1,0,0,1,0,1,0,1,1,0,0,0,1,1,1,0,1,1,1,0,01,0,0,0,0,1,1,1,0,0,0,0,1,0,1,0,0,0,0,1,1,0,0,0,1,0,1,0,0,0,1,0,0,0,0,0,0,1,0,0,0,0,0,0,0,0,0,0,0,0,0,0,0,1,0,0,0,0,0,0,0,0,0,1,0,0,0,0,0,0,0,0,0,0,1,1,0,0,0,0,1,0,0,0,0,01,0,1,0,0,1,1,0,0,0,1,0,0,0,0,0,0,0,1,0,0,0,0,0,0,0,0,0,0,1,0,0,0,0,1,1,1,0,0,0,1,0,0,0,0,0,0,0,1,0,1,1,0,0,1,0,0,1,1,0,0,0,0,1,0,0,0,0,1,0,1,0,0,0,1,0,0,0,1,0,0,0,0,0,1,01,1,1,1,0,1,0,1,1,1,0,0,0,1,0,1,1,1,0,0,0,1,0,1,0,1,1,1,1,0,0,1,0,1,0,1,1,1,1,0,0,1,0,0,1,1,1,1,1,0,1,0,1,1,0,1,0,1,1,1,0,1,0,0,1,1,1,1,0,1,1,0,0,1,1,0,0,1,1,1,1,0,0,0,0,00,0,1,1,0,0,0,1,0,0,0,0,0,0,1,1,1,0,1,0,1,0,0,0,0,1,0,0,0,0,0,0,0,0,0,0,0,0,0,0,0,0,1,0,0,1,1,0,1,0,1,1,0,0,0,1,1,1,0,1,0,0,0,0,0,0,0,0,1,0,0,1,0,0,1,0,0,0,1,1,0,0,0,0,0,01,1,0,0,1,1,1,0,1,0,0,1,0,1,1,0,0,0,1,0,1,0,0,0,1,1,0,0,0,0,0,1,1,1,1,1,0,0,0,0,1,1,1,0,1,1,0,1,0,1,0,0,0,1,0,0,0,0,1,0,1,0,0,1,0,0,1,0,0,1,1,1,1,0,1,1,1,0,1,0,1,1,0,1,0,10,0,0,1,1,1,1,1,1,0,1,1,1,0,1,0,1,1,1,0,1,0,0,0,1,1,0,1,1,0,0,0,1,1,0,1,1,1,1,0,0,0,0,1,0,0,0,0,0,0,0,0,1,0,0,1,1,0,0,0,0,1,0,1,1,1,1,1,0,0,0,1,1,0,1,1,1,0,0,0,0,1,1,1,1,10,0,0,1,0,0,0,0,0,0,0,0,0,0,0,0,1,0,0,0,1,0,0,0,0,0,0,0,1,0,0,1,0,0,0,0,0,0,0,0,0,0,0,0,0,0,0,0,1,0,1,1,0,0,0,0,0,1,0,0,0,0,0,0,0,0,0,0,0,0,1,1,0,1,0,0,1,0,0,0,0,0,0,0,0,10,0,1,1,0,0,0,0,1,0,1,0,1,0,0,0,1,1,1,1,1,0,1,0,1,0,1,0,1,1,0,1,0,1,0,0,1,1,1,1,1,1,1,0,1,0,1,1,1,1,0,0,1,1,1,1,1,1,1,1,0,1,0,1,1,1,1,1,0,0,1,1,1,0,1,0,0,1,0,0,0,0,1,0,0,10,1,1,1,1,0,0,1,1,1,1,0,1,0,0,1,1,1,1,0,1,0,1,1,1,0,0,0,1,1,0,1,0,1,0,1,0,0,1,1,0,1,1,0,0,0,0,0,1,0,1,1,1,1,1,1,0,0,1,1,0,1,1,1,0,1,0,1,1,0,1,0,0,0,0,0,0,0,1,0,0,1,1,0,1,0