-1.117961355802354
-1.105740478013573
-1.1231932841935484
-1.0961242473073842
-1.127346982176315
-1.0961794810988812
-1.1093266968690372
-1.0920712795417329
-1.098520549676622
-1.0854931100373857
0,1,1,1,1,1,0,0,0,0,1,1,0,1,1,1,0,0,1,0,1,0,0,1,0,0,0,1,0,1,1,0,0,1,0,0,0,1,0,0,0,0,1,0,0,0,1,0,0,0,0,0,1,0,1,0,0,0,1,1,0,0,0,0,1,1,1,0,0,0,1,1,1,0,1,0,0,0,0,1,1,0,1,0,1,11,0,1,1,0,1,0,1,1,1,0,1,1,0,0,0,0,1,0,0,1,1,1,0,1,1,0,1,0,1,0,1,0,1,0,1,0,1,0,1,1,1,0,0,1,1,1,0,1,1,1,1,0,1,1,0,1,0,1,1,0,1,1,0,1,1,1,0,0,1,0,1,0,1,0,1,0,1,1,1,0,1,1,0,1,01,1,1,1,1,1,1,1,0,0,1,1,0,1,1,1,0,1,1,1,1,0,1,0,1,1,0,0,1,1,1,1,0,1,0,1,0,1,1,1,1,1,0,0,1,0,0,0,0,1,0,1,1,1,1,0,1,0,0,0,1,1,0,1,0,0,1,0,1,0,1,0,0,1,0,1,0,0,1,1,0,0,0,0,1,01,0,1,1,1,0,0,0,1,0,1,1,1,0,1,1,1,1,1,1,1,1,1,0,0,1,1,0,1,1,1,0,0,0,1,1,1,1,0,0,1,0,0,0,0,1,0,1,1,1,1,0,1,1,0,1,1,1,1,0,0,1,0,0,1,0,0,0,1,0,0,1,1,1,0,1,1,1,1,1,1,1,0,0,1,00,1,0,1,1,1,1,0,1,0,1,0,0,1,1,1,1,1,1,0,1,1,1,0,1,0,1,1,1,0,1,1,0,1,0,1,1,1,1,1,0,1,1,0,0,1,1,1,1,1,0,1,1,0,1,1,0,1,1,1,1,1,0,1,1,1,1,1,1,0,1,0,1,1,1,1,1,0,1,1,1,0,1,1,1,11,0,0,0,0,0,0,0,1,1,0,1,0,0,0,0,0,1,1,0,1,0,0,0,0,0,0,1,1,0,0,1,0,0,0,1,0,0,0,0,1,1,1,0,0,0,1,1,0,0,0,1,1,1,1,0,1,1,0,0,0,1,1,0,0,1,0,0,1,0,1,1,1,1,1,0,0,1,0,1,0,0,0,1,1,11,0,1,0,0,1,0,1,1,1,0,0,1,0,1,1,1,1,0,1,1,1,0,0,1,1,0,0,1,0,1,0,0,1,1,0,0,1,0,1,0,0,1,0,0,1,1,1,1,1,1,1,0,1,0,0,1,1,1,0,0,1,0,1,1,1,1,0,0,0,1,1,0,0,1,0,1,0,0,1,0,0,1,0,1,11,0,1,0,0,1,1,0,0,1,0,1,0,1,1,1,1,0,1,0,0,1,1,1,0,1,1,0,0,0,1,1,0,1,1,0,1,1,1,1,1,1,1,0,0,1,0,0,1,0,0,0,1,1,1,0,0,1,1,1,0,0,1,0,1,1,0,0,1,1,1,0,1,1,1,1,0,0,0,0,1,1,1,1,0,10,0,0,1,0,1,0,1,0,1,0,0,1,1,1,0,0,0,1,0,1,1,1,0,1,1,0,1,0,1,1,1,0,1,0,0,1,0,1,1,1,0,0,0,1,0,1,0,1,1,0,1,1,0,0,1,1,0,1,0,0,1,0,0,1,0,1,0,0,0,1,1,0,0,0,0,0,0,0,1,1,1,1,1,1,10,0,0,0,1,1,0,0,0,0,0,1,0,1,0,0,0,0,0,0,0,0,0,0,1,0,0,0,0,0,0,1,0,0,1,1,1,0,1,0,0,1,1,0,0,1,0,0,0,0,0,0,1,1,0,0,0,1,0,0,0,1,0,0,1,0,0,0,0,0,0,1,0,0,0,0,1,0,0,0,0,0,1,0,1,0