-1.0919668503303426
-1.121961164554125
-1.039928104024678
-1.0649335392725272
-1.0546083210250203
-1.0583106267029974
-1.0458357192501289
-1.0565899890569042
-1.0360875294619774
-1.0472273631571534
0,0,0,1,1,0,1,1,1,1,0,0,0,1,0,0,0,1,0,0,0,0,0,0,0,0,0,0,0,0,0,0,0,0,0,1,1,0,1,0,0,0,0,0,1,1,0,0,0,0,1,0,1,0,0,1,0,0,1,0,1,1,0,1,0,1,0,0,1,1,0,0,0,0,1,0,1,0,0,0,1,0,1,1,0,01,1,0,1,1,1,1,1,0,1,1,1,1,0,0,0,1,1,1,1,1,1,0,1,0,1,1,0,1,0,0,0,0,1,0,1,0,1,1,1,1,1,0,0,1,0,1,1,1,0,0,0,1,1,0,0,1,0,1,1,1,1,1,1,0,1,1,1,1,1,1,1,1,1,0,1,1,1,1,1,1,0,1,1,1,10,1,0,0,1,0,0,0,0,0,0,1,0,0,0,0,1,0,0,0,1,0,0,1,1,0,0,1,0,0,0,0,0,0,0,0,0,1,0,0,0,0,0,0,0,0,1,0,0,0,0,0,1,1,0,0,1,0,0,0,0,1,0,1,0,0,0,0,0,0,0,0,0,0,0,1,0,0,0,0,0,0,0,1,1,10,0,0,0,0,0,0,0,0,0,0,0,0,1,0,0,0,0,0,1,1,0,0,0,1,0,1,0,1,0,0,0,0,0,0,0,1,1,0,0,0,0,0,0,0,0,1,0,0,0,0,0,0,1,0,0,1,0,0,1,1,0,0,0,1,1,0,0,0,0,0,0,0,0,1,0,0,0,0,1,1,1,0,0,1,10,0,0,0,0,0,0,1,1,0,0,0,0,1,0,0,0,1,0,0,1,0,0,0,0,0,0,0,1,0,0,0,0,0,0,0,0,0,0,1,0,0,0,0,0,0,0,0,0,0,0,1,0,0,1,0,0,0,0,0,0,0,0,0,0,0,1,1,0,1,0,0,0,0,0,1,0,0,0,0,0,0,1,0,0,00,0,1,0,0,0,0,0,0,0,1,1,1,0,0,1,0,1,0,0,0,0,0,0,0,0,0,1,0,1,0,0,0,0,0,0,0,1,0,0,1,1,1,0,1,1,0,0,0,0,0,1,0,0,1,1,0,1,1,0,0,1,0,1,0,1,0,0,1,0,0,0,0,0,1,0,0,0,1,1,0,0,0,0,0,00,0,0,0,0,0,0,0,0,0,0,0,0,0,0,0,0,0,0,0,1,0,0,1,0,0,0,0,1,1,0,0,0,1,0,0,0,0,0,0,1,0,0,0,0,0,0,0,0,0,0,0,1,0,1,0,0,0,0,0,0,0,1,1,0,0,0,0,0,0,0,1,0,0,1,0,1,1,0,0,0,0,0,0,0,00,0,0,1,1,1,0,1,1,0,0,1,0,0,0,1,1,0,1,0,1,1,0,1,1,0,0,0,1,0,1,1,0,0,1,0,1,1,0,0,0,0,0,0,1,0,1,0,0,0,1,0,0,0,0,1,0,1,0,1,0,0,0,0,0,1,0,0,1,0,0,0,0,0,0,0,1,0,0,0,1,1,0,0,1,10,1,0,0,0,0,0,0,1,0,0,0,0,1,0,0,1,0,0,0,0,1,1,0,0,0,0,0,0,0,0,1,0,0,1,0,1,0,1,0,0,0,0,0,0,0,0,0,1,0,0,0,1,0,0,0,0,0,0,0,1,1,0,0,0,0,0,0,0,0,0,1,0,0,0,1,0,0,0,0,0,1,0,1,0,10,0,0,0,1,0,0,1,0,0,1,0,1,0,0,0,1,1,0,0,0,1,0,0,0,1,1,0,0,1,1,0,0,1,1,0,0,1,0,0,0,0,1,0,0,1,0,0,0,0,0,0,1,0,0,0,0,0,1,0,1,0,0,1,1,1,1,0,1,1,0,0,0,1,0,1,0,0,0,1,0,0,0,0,0,0