-1.0594468382623135
-1.2030027868930548
-1.06811531760972
-1.0326510323564657
-1.0646493300476292
-1.051616802664193
-1.324246236898378
-1.3713904348049961
-1.037647965985424
-1.031022942750688
0,1,1,1,1,1,1,0,1,0,0,0,0,1,0,1,0,0,1,0,1,0,1,1,1,1,0,0,0,1,0,1,0,1,0,0,1,1,1,0,0,0,0,0,0,1,0,0,1,0,0,1,0,0,1,1,1,0,1,0,1,0,1,1,0,0,1,1,0,0,0,1,0,0,1,0,1,1,0,0,1,1,1,1,0,01,0,0,1,0,1,1,1,1,0,1,1,1,0,0,0,0,0,0,0,1,0,0,0,1,1,1,1,1,1,0,0,0,1,1,0,0,1,1,0,1,1,0,1,0,1,0,1,0,1,0,0,1,0,0,1,1,1,0,0,0,0,1,1,0,0,1,0,1,1,1,0,1,0,1,1,1,0,0,0,0,1,0,0,0,01,0,0,0,0,0,1,1,1,1,1,0,1,0,0,0,1,1,1,0,0,0,1,1,1,1,1,0,1,1,1,1,0,1,1,0,1,1,0,0,0,1,1,1,0,1,1,0,1,1,1,1,1,1,1,1,0,1,1,1,0,1,0,1,0,1,1,1,1,1,1,1,1,1,1,1,1,0,1,0,1,0,1,0,0,01,0,0,0,0,0,1,0,0,1,0,0,0,0,0,0,0,0,0,0,0,0,0,0,0,0,0,0,1,0,1,1,0,0,0,1,1,0,1,0,1,0,0,0,0,0,0,0,0,0,0,1,0,0,0,0,0,0,0,0,0,0,0,0,0,0,0,0,0,0,0,0,0,1,0,0,0,0,0,0,0,0,0,0,0,01,0,0,0,0,0,1,1,1,0,0,0,0,0,0,0,0,1,0,1,0,0,0,1,0,0,1,0,1,0,0,0,0,0,0,1,0,1,1,0,0,0,0,0,0,0,1,0,0,0,0,1,1,1,0,1,0,1,0,0,1,0,0,0,0,0,0,0,0,0,0,1,0,0,0,0,0,0,0,0,0,0,0,0,0,00,0,0,1,0,0,0,0,0,0,0,0,1,0,0,0,1,1,1,0,1,1,0,1,0,0,0,0,0,0,0,1,0,0,0,1,0,1,0,0,0,0,1,1,1,1,0,0,0,0,0,1,1,0,1,1,1,0,0,0,0,0,0,0,1,1,0,1,0,0,0,1,1,0,1,0,0,0,1,1,0,1,0,1,0,00,0,0,0,0,0,0,0,0,0,0,0,0,0,0,0,0,1,0,0,0,0,0,0,1,0,0,0,1,0,0,0,0,1,0,1,1,0,1,0,0,0,0,0,0,1,0,0,0,0,0,0,1,0,0,0,0,0,1,0,0,1,0,0,1,0,0,1,1,0,0,0,0,0,0,0,0,0,1,0,1,0,0,0,0,00,0,1,1,1,0,1,0,0,0,1,1,0,1,0,0,0,1,1,0,1,0,1,1,1,1,1,1,1,0,1,0,0,1,1,1,0,1,1,1,1,1,1,0,0,1,0,1,0,1,1,0,1,0,1,0,0,1,1,0,1,1,0,1,0,1,0,0,0,0,1,0,0,1,1,1,1,0,1,1,1,1,1,0,0,10,0,1,0,1,0,1,1,0,1,1,1,1,0,0,0,0,1,1,1,1,1,0,1,1,0,0,0,0,1,0,1,0,0,0,0,0,1,0,1,0,1,0,0,0,0,1,0,1,0,0,1,1,0,1,1,1,0,0,1,0,1,0,1,0,0,1,1,1,1,1,0,1,1,1,0,0,0,0,0,0,0,1,1,1,11,0,1,0,1,1,1,1,0,0,0,1,1,0,0,0,1,0,0,0,1,1,1,1,0,0,1,0,0,0,1,1,1,0,0,0,1,0,0,0,1,0,0,0,1,1,1,1,1,1,0,1,1,0,1,0,1,0,0,1,1,0,0,0,0,0,0,0,1,1,0,0,1,0,1,1,0,1,0,0,0,1,0,0,0,1