-1.0653807705546932
-1.0740978724489914
-1.0444757192809366
-1.0948469851636773
-1.039213784465477
-1.0452378597815914
-1.3388030123719739
-1.1873193737447738
-1.1218334644936652
-1.0436448701246075
1,0,0,0,1,1,0,0,1,0,0,1,0,1,1,0,0,1,1,0,1,0,0,1,1,0,0,0,1,0,0,1,0,0,1,0,1,0,0,1,0,0,1,0,0,1,0,0,0,0,0,0,1,0,0,1,0,0,1,1,1,0,1,0,1,0,0,1,0,0,0,0,0,1,1,0,0,0,0,0,1,0,1,0,1,01,1,1,1,1,1,1,1,0,1,0,1,1,1,1,1,1,1,0,1,1,0,1,0,1,1,1,1,1,1,1,1,0,0,1,1,1,1,1,1,1,1,0,1,1,1,1,1,1,1,1,0,1,1,1,1,1,1,0,0,0,1,1,1,1,0,1,1,1,1,1,0,1,1,0,1,0,1,1,1,1,1,1,1,1,11,1,0,0,0,1,0,1,0,1,1,1,1,1,1,0,0,1,1,1,1,1,0,1,1,0,1,1,1,1,0,1,0,1,1,1,1,1,1,1,1,1,0,1,1,1,1,1,1,1,1,1,1,0,1,1,1,0,0,1,1,1,1,1,0,1,1,1,0,1,1,0,1,1,1,1,1,1,0,1,1,1,0,1,1,00,0,0,1,1,0,0,0,1,0,0,0,0,1,0,1,0,0,0,0,1,0,0,0,1,1,1,0,1,1,1,1,0,1,1,0,1,1,1,0,1,1,0,0,0,1,0,0,1,0,1,0,1,0,0,1,0,1,1,1,1,0,1,1,0,1,1,0,1,0,0,1,0,0,0,1,1,1,0,0,0,1,1,0,1,10,0,1,0,1,0,0,1,0,1,0,1,1,1,0,0,0,0,1,0,1,0,1,0,0,0,0,1,0,0,1,1,0,0,0,1,0,0,0,1,0,0,1,0,0,1,0,0,0,0,0,0,0,0,1,0,0,0,0,1,0,0,0,0,0,0,0,1,0,0,0,0,0,0,0,0,1,0,0,0,0,1,1,0,0,01,0,1,0,0,0,0,1,1,1,1,1,1,0,1,1,0,1,0,0,1,0,0,1,1,1,0,1,0,0,0,1,0,0,0,1,1,0,0,0,0,0,1,0,1,1,1,1,0,1,1,1,0,0,1,0,1,0,0,0,0,0,0,0,1,0,1,1,1,1,1,1,0,0,0,0,0,1,1,1,0,0,1,1,0,11,0,0,1,1,1,1,1,0,1,0,1,1,1,1,1,0,1,1,0,1,1,0,0,1,0,1,0,1,1,1,1,0,0,1,1,1,1,1,1,1,1,1,1,1,1,1,1,1,1,1,1,1,1,1,1,0,1,0,1,0,1,1,1,0,0,1,1,0,1,1,0,1,0,0,1,1,1,1,0,1,1,1,1,0,11,1,1,1,0,0,0,0,1,1,0,0,0,1,1,0,1,1,0,1,0,1,0,1,1,0,1,0,1,1,1,1,0,1,0,1,1,1,0,0,1,1,0,1,0,1,1,1,1,1,0,1,1,0,0,0,0,1,1,1,1,0,1,1,0,0,1,1,1,0,1,0,1,1,0,0,0,1,0,0,1,0,0,1,0,01,0,0,1,1,0,1,1,0,1,1,1,1,1,0,1,0,1,0,0,1,1,1,0,0,1,1,1,1,1,0,0,0,1,0,0,0,1,1,0,1,1,0,1,1,1,1,1,1,1,1,0,0,1,1,0,0,1,1,1,1,1,1,1,0,0,0,1,1,0,1,0,0,1,1,1,0,1,1,0,1,1,1,1,1,01,1,0,1,1,0,0,0,1,1,1,1,1,1,1,0,1,1,1,1,0,1,0,0,0,1,0,0,1,1,0,1,0,0,0,1,1,1,1,1,0,0,1,0,0,1,0,1,1,0,0,0,0,1,1,1,1,1,1,1,0,1,0,0,0,0,0,0,1,1,1,0,0,1,1,0,1,1,0,1,1,1,1,1,1,1