-1.6690881415080492
-1.6378224468606808
-1.6601030846685647
-1.6357822684107792
-1.6674333350555537
-1.6275385905260316
-1.4647668303100612
-1.6493980844408842
-1.452947992530824
-1.651238468305172
0,1,1,0,0,1,0,0,0,0,0,1,1,1,0,0,0,1,1,0,1,0,0,0,0,1,0,0,1,1,0,1,0,0,1,1,0,0,1,0,0,0,0,1,0,0,0,1,1,1,0,0,0,0,0,0,1,0,1,1,1,1,0,1,1,1,1,1,0,0,1,0,1,1,0,0,0,0,0,1,0,1,0,0,0,01,1,0,0,0,0,0,1,0,1,0,0,0,1,1,0,0,1,0,0,1,0,0,1,1,0,1,0,0,1,0,1,0,1,1,1,1,0,0,1,0,0,1,0,0,1,1,1,0,1,0,0,0,0,0,0,1,1,1,0,0,0,0,1,0,0,0,0,0,0,1,0,0,1,1,0,0,0,0,1,1,1,0,1,1,01,1,1,0,0,1,1,1,1,0,0,0,1,0,1,0,0,1,0,0,0,0,0,0,0,0,0,0,1,1,1,1,0,0,0,1,1,1,0,1,0,1,0,0,0,0,0,1,0,1,0,1,1,0,0,1,0,1,0,0,1,1,1,1,0,0,1,0,0,0,1,1,1,1,0,1,0,0,1,0,1,1,0,0,0,01,1,1,0,0,0,0,0,0,0,1,0,0,0,1,0,0,0,0,0,1,0,1,1,1,1,1,1,1,0,0,1,0,1,0,1,0,1,1,1,0,1,1,0,0,0,0,0,0,1,1,0,0,1,0,1,0,0,0,0,0,1,1,0,0,1,1,0,0,0,1,0,0,0,0,1,1,1,1,1,0,0,0,1,1,00,0,0,0,0,1,0,1,1,1,0,1,0,1,0,1,0,1,0,0,1,0,1,1,1,0,1,1,0,0,0,1,0,0,0,0,1,1,1,1,1,0,0,0,0,1,0,1,1,1,1,0,0,0,0,0,1,0,0,1,0,1,0,1,0,0,1,0,0,0,1,0,0,0,0,0,0,0,1,0,0,0,1,0,1,00,1,0,0,1,1,0,0,0,1,0,0,1,0,1,0,1,1,0,0,1,0,0,1,1,1,0,0,0,0,0,1,0,0,1,0,0,0,1,1,0,0,0,0,0,0,1,0,0,1,0,0,1,0,0,0,1,0,0,1,1,1,0,0,1,1,0,1,0,0,1,1,1,0,0,0,1,0,0,1,0,0,0,0,0,00,1,1,0,1,0,0,0,1,1,1,1,0,0,1,1,0,1,0,0,1,0,0,1,0,1,0,0,1,0,1,0,1,0,0,0,0,0,1,1,0,1,1,0,0,0,0,0,1,1,0,0,1,0,0,0,0,0,0,0,0,0,0,0,0,0,1,1,0,0,0,0,0,1,0,1,0,0,0,0,1,0,1,0,0,11,1,0,1,0,1,1,1,1,0,1,0,0,0,0,0,0,1,1,0,0,0,1,0,1,0,0,0,1,0,0,1,0,1,0,0,1,0,1,0,0,0,0,1,0,1,0,1,1,1,0,0,1,0,0,1,1,0,0,0,0,0,0,0,0,0,0,1,0,0,0,0,0,0,1,0,1,0,0,1,1,1,0,0,0,11,1,0,0,1,0,0,1,1,1,0,1,1,1,1,0,1,1,0,1,0,0,1,1,0,1,0,0,1,1,0,1,1,0,1,0,0,0,1,1,1,0,0,1,0,0,0,0,1,1,1,1,0,0,1,1,1,1,1,0,0,1,0,0,1,1,0,0,0,1,0,0,1,0,1,1,0,1,1,1,0,0,1,0,0,00,1,0,1,0,1,0,0,1,0,0,0,0,1,0,0,0,1,1,0,1,0,0,1,1,0,1,0,0,1,0,1,0,0,1,0,1,0,1,1,0,0,0,1,0,0,0,1,0,1,0,0,0,0,0,0,1,0,0,0,1,0,0,0,0,0,1,0,0,0,1,0,1,0,0,1,1,0,0,0,0,1,1,0,0,0