在基准解质量下的时间对比
第1个指标
[[1.0, 3.5, 2, 3.5], [1.0, 3.0, 2, 4.0], [2, 4.0, 1.0, 3.0], [1.0, 2, 3.0, 4.0], [2, 4.0, 3.0, 1.0], [2, 1.0, 4.0, 3.0], [1.0, 4.0, 3.0, 2], [1.0, 3.5, 2, 3.5], [1.0, 3.0, 4.0, 2], [1.0, 4.0, 3.0, 2], [1.0, 4.0, 3.0, 2], [1.0, 4.0, 2, 3.0], [3.0, 1.0, 4.0, 2], [1.0, 3.5, 2, 3.5], [2, 3.0, 4.0, 1.0], [2, 4.0, 3.0, 1.0], [4.0, 1.0, 3.0, 2], [2, 3.0, 4.0, 1.0], [1.0, 4.0, 3.0, 2], [3.0, 4.0, 2, 1.0]]
[1.65, 3.175, 2.85, 2.325]
第2个指标
[[1.0, 3.5, 2, 3.5], [1.0, 3.5, 2, 3.5], [4.0, 3.0, 2, 1.0], [1.0, 3.5, 2, 3.5], [2, 3.0, 4.0, 1.0], [2, 1.0, 4.0, 3.0], [1.0, 4.0, 3.0, 2], [1.0, 3.5, 2, 3.5], [1.0, 3.0, 4.0, 2], [1.0, 3.0, 4.0, 2], [2, 4.0, 3.0, 1.0], [1.0, 4.0, 3.0, 2], [1.0, 3.5, 2, 3.5], [1.0, 3.5, 2, 3.5], [1.0, 3.0, 2, 4.0], [2, 4.0, 3.0, 1.0], [4.0, 2, 3.0, 1.0], [1.0, 2, 3.0, 4.0], [1.0, 4.0, 3.0, 2], [3.0, 3.0, 1.0, 3.0]]
[1.6, 3.2, 2.7, 2.5]
第3个指标
[[1.0, 3.5, 2, 3.5], [3.0, 3.0, 1.0, 3.0], [3.0, 3.0, 1.0, 3.0], [1.0, 3.5, 2, 3.5], [1.0, 3.5, 2, 3.5], [1.0, 4.0, 3.0, 2], [1.0, 3.0, 2, 4.0], [1.0, 3.5, 2, 3.5], [1.0, 3.5, 2, 3.5], [1.0, 4.0, 3.0, 2], [1.0, 3.5, 2, 3.5], [1.0, 4.0, 3.0, 2], [1.0, 3.5, 2, 3.5], [1.0, 3.5, 2, 3.5], [1.0, 2, 3.0, 4.0], [1.0, 3.5, 2, 3.5], [3.0, 3.0, 1.0, 3.0], [3.0, 3.0, 1.0, 3.0], [1.0, 4.0, 3.0, 2], [3.0, 3.0, 1.0, 3.0]]
[1.5, 3.375, 2.0, 3.125]

在基准时间下的解质量对比
第1个指标
[[1.0, 4.0, 2, 3.0], [1.0, 2, 3.0, 4.0], [4.0, 2, 1.0, 3.0], [1.0, 2, 3.0, 4.0], [1.0, 4.0, 3.0, 2], [1.0, 3.0, 4.0, 2], [1.0, 3.0, 2, 4.0], [1.0, 3.0, 2, 4.0], [1.0, 3.0, 4.0, 2], [1.0, 4.0, 3.0, 2], [2, 3.0, 4.0, 1.0], [2, 4.0, 3.0, 1.0], [1.0, 3.0, 4.0, 2], [1.0, 4.0, 2, 3.0], [1.0, 3.0, 4.0, 2], [2, 4.0, 3.0, 1.0], [4, 2.5, 2.5, 1.0], [2.5, 2.5, 4, 1.0], [1.0, 4.0, 3.0, 2], [3.0, 4.0, 2, 1.0]]
[1.625, 3.2, 2.925, 2.25]
第2个指标
[[1.0, 3.0, 2, 4.0], [1.0, 3.0, 2, 4.0], [3.0, 4.0, 2, 1.0], [1.0, 3.0, 2, 4.0], [1.0, 2, 4.0, 3.0], [1.0, 3.0, 4.0, 2], [1.0, 4.0, 3.0, 2], [1.0, 3.0, 2, 4.0], [1.0, 3.0, 4.0, 2], [1.0, 3.0, 4.0, 2], [1.0, 4.0, 3.0, 2], [2, 4.0, 3.0, 1.0], [1.0, 3.0, 2, 4.0], [1.0, 4.0, 2, 3.0], [1.0, 3.0, 2, 4.0], [1.0, 4.0, 3.0, 2], [4.0, 2, 3.0, 1.0], [1.0, 2, 3.0, 4.0], [1.0, 4.0, 3.0, 2], [3.0, 4.0, 1.0, 2]]
[1.4, 3.25, 2.7, 2.65]
第3个指标
[[1.0, 3.0, 2, 4.0], [2, 3.0, 1.0, 4.0], [3.0, 4.0, 1.0, 2], [1.5, 3, 1.5, 4.0], [1.5, 3, 1.5, 4.0], [1.0, 4.0, 3.0, 2], [1.0, 4.0, 2, 3.0], [1.0, 3.0, 2, 4.0], [1.5, 4.0, 1.5, 3], [1.0, 4.0, 3.0, 2], [1.0, 4.0, 2, 3.0], [2, 4.0, 3.0, 1.0], [1.0, 3.0, 2, 4.0], [1.0, 4.0, 2, 3.0], [2.0, 2.0, 2.0, 4.0], [1.0, 4.0, 2, 3.0], [2, 3.0, 1.0, 4.0], [2, 3.0, 1.0, 4.0], [1.0, 4.0, 3.0, 2], [3.0, 4.0, 1.0, 2]]
[1.525, 3.5, 1.875, 3.1]




/*****************备份*******************/

在基准解质量下的时间对比
第1个指标
[[1.0, 3.5, 2, 3.5], [1.0, 3.0, 2, 4.0], [2, 4.0, 1.0, 3.0], [1.0, 2, 3.0, 4.0], [2, 4.0, 3.0, 1.0], [2, 1.0, 4.0, 3.0], [1.0, 4.0, 3.0, 2], [1.0, 3.5, 2, 3.5], [1.0, 3.0, 4.0, 2], [1.0, 4.0, 3.0, 2], [1.0, 4.0, 3.0, 2], [1.0, 4.0, 2, 3.0], [3.0, 1.0, 4.0, 2], [1.0, 3.5, 2, 3.5], [2, 3.0, 4.0, 1.0], [2, 4.0, 3.0, 1.0], [4.0, 1.0, 3.0, 2], [2, 3.0, 4.0, 1.0], [1.0, 4.0, 3.0, 2], [3.0, 4.0, 2, 1.0]]
[1.65, 3.175, 2.85, 2.325]
第2个指标
[[1.0, 3.5, 2, 3.5], [1.0, 3.5, 2, 3.5], [4.0, 3.0, 2, 1.0], [1.0, 3.5, 2, 3.5], [2, 3.0, 4.0, 1.0], [2, 1.0, 4.0, 3.0], [1.0, 4.0, 3.0, 2], [1.0, 3.5, 2, 3.5], [1.0, 3.0, 4.0, 2], [1.0, 3.0, 4.0, 2], [2, 4.0, 3.0, 1.0], [1.0, 4.0, 3.0, 2], [1.0, 3.5, 2, 3.5], [1.0, 3.5, 2, 3.5], [1.0, 3.0, 2, 4.0], [2, 4.0, 3.0, 1.0], [4.0, 2, 3.0, 1.0], [1.0, 2, 3.0, 4.0], [1.0, 4.0, 3.0, 2], [3.0, 3.0, 1.0, 3.0]]
[1.6, 3.2, 2.7, 2.5]
第3个指标
[[1.0, 3.5, 2, 3.5], [3.0, 3.0, 1.0, 3.0], [3.0, 3.0, 1.0, 3.0], [1.0, 3.5, 2, 3.5], [1.0, 3.5, 2, 3.5], [1.0, 4.0, 3.0, 2], [1.0, 3.0, 2, 4.0], [1.0, 3.5, 2, 3.5], [1.0, 3.5, 2, 3.5], [1.0, 4.0, 3.0, 2], [1.0, 3.5, 2, 3.5], [1.0, 4.0, 3.0, 2], [1.0, 3.5, 2, 3.5], [1.0, 3.5, 2, 3.5], [1.0, 2, 3.0, 4.0], [1.0, 3.5, 2, 3.5], [3.0, 3.0, 1.0, 3.0], [3.0, 3.0, 1.0, 3.0], [1.0, 4.0, 3.0, 2], [3.0, 3.0, 1.0, 3.0]]
[1.5, 3.375, 2.0, 3.125]

在基准时间下的解质量对比
第1个指标
[[1.0, 4.0, 2, 3.0], [1.0, 2, 3.0, 4.0], [4.0, 2, 1.0, 3.0], [1.0, 2, 3.0, 4.0], [1.0, 4.0, 3.0, 2], [1.0, 3.0, 4.0, 2], [1.0, 3.0, 2, 4.0], [1.0, 3.0, 2, 4.0], [1.0, 3.0, 4.0, 2], [1.0, 4.0, 3.0, 2], [2, 3.0, 4.0, 1.0], [2, 4.0, 3.0, 1.0], [1.0, 3.0, 4.0, 2], [1.0, 4.0, 2, 3.0], [1.0, 3.0, 4.0, 2], [2, 4.0, 3.0, 1.0], [4, 2.5, 2.5, 1.0], [2.5, 2.5, 4, 1.0], [1.0, 4.0, 3.0, 2], [3.0, 4.0, 2, 1.0]]
[1.625, 3.2, 2.925, 2.25]
第2个指标
[[1.0, 3.0, 2, 4.0], [1.0, 3.0, 2, 4.0], [3.0, 4.0, 2, 1.0], [1.0, 3.0, 2, 4.0], [1.0, 2, 4.0, 3.0], [1.0, 3.0, 4.0, 2], [1.0, 4.0, 3.0, 2], [1.0, 3.0, 2, 4.0], [1.0, 3.0, 4.0, 2], [1.0, 3.0, 4.0, 2], [1.0, 4.0, 3.0, 2], [2, 4.0, 3.0, 1.0], [1.0, 3.0, 2, 4.0], [1.0, 4.0, 2, 3.0], [1.0, 3.0, 2, 4.0], [1.0, 4.0, 3.0, 2], [4.0, 2, 3.0, 1.0], [1.0, 2, 3.0, 4.0], [1.0, 4.0, 3.0, 2], [3.0, 4.0, 1.0, 2]]
[1.4, 3.25, 2.7, 2.65]
第3个指标
[[1.0, 3.0, 2, 4.0], [2, 3.0, 1.0, 4.0], [3.0, 4.0, 1.0, 2], [1.5, 3, 1.5, 4.0], [1.5, 3, 1.5, 4.0], [1.0, 4.0, 3.0, 2], [1.0, 4.0, 2, 3.0], [1.0, 3.0, 2, 4.0], [1.5, 4.0, 1.5, 3], [1.0, 4.0, 3.0, 2], [1.0, 4.0, 2, 3.0], [2, 4.0, 3.0, 1.0], [1.0, 3.0, 2, 4.0], [1.0, 4.0, 2, 3.0], [2.0, 2.0, 2.0, 4.0], [1.0, 4.0, 2, 3.0], [2, 3.0, 1.0, 4.0], [2, 3.0, 1.0, 4.0], [1.0, 4.0, 3.0, 2], [3.0, 4.0, 1.0, 2]]
[1.525, 3.5, 1.875, 3.1]







