-1.061313025195771
-1.0369478006336021
-1.0919161280417005
-1.1174875137529345
-1.0582901891233885
-1.054735016876434
-1.0432464481743637
-1.1533123435057169
-1.060347385828532
-1.0368237971287337
0,0,0,0,0,0,1,1,0,0,0,1,0,0,0,0,0,0,0,0,1,1,0,0,0,0,1,0,1,0,1,0,0,0,0,1,0,1,0,1,0,0,0,0,0,0,0,1,1,0,0,0,0,0,0,0,0,1,0,0,1,1,1,0,0,0,0,0,1,0,1,0,0,1,0,1,0,1,1,1,0,0,1,0,0,01,0,0,1,1,1,1,1,1,0,1,1,0,1,1,1,0,1,0,1,0,1,0,1,1,1,1,1,1,0,1,0,0,0,0,0,0,1,0,0,1,1,1,1,0,1,1,0,0,1,0,1,1,0,1,0,1,0,1,1,1,0,0,1,1,0,1,1,1,1,0,0,1,0,1,1,0,1,1,1,1,1,1,1,1,00,0,0,1,0,0,0,0,0,1,0,0,1,0,0,0,0,1,0,0,1,0,0,0,0,0,0,0,0,0,0,0,0,0,0,1,1,0,0,0,1,1,1,0,0,0,0,0,0,0,0,0,1,1,0,0,1,0,0,0,0,0,0,0,0,0,0,0,1,0,0,0,0,1,0,0,1,0,0,0,0,0,0,0,0,11,1,0,0,0,0,0,0,1,0,0,1,0,1,0,1,0,1,0,0,0,0,1,0,0,1,1,0,1,1,1,0,0,0,0,1,1,0,1,0,0,0,1,0,0,0,1,0,0,1,0,1,1,1,0,0,1,1,1,1,1,1,1,0,1,0,0,1,1,1,0,1,1,1,0,0,1,0,0,1,0,1,0,0,0,11,0,1,0,0,0,0,1,1,0,0,1,1,1,1,1,1,0,0,0,0,0,0,1,0,1,0,0,1,0,1,0,1,1,1,0,1,0,0,1,0,1,0,0,0,0,1,0,1,1,0,0,1,0,1,0,0,1,0,0,0,1,0,0,0,1,1,1,1,1,0,1,0,1,0,0,0,1,1,1,1,0,1,1,1,11,1,1,0,0,1,1,0,1,1,1,0,1,1,1,1,0,1,0,1,1,1,1,1,0,1,0,1,0,1,0,1,0,0,0,0,1,0,0,1,0,0,0,0,0,0,1,1,1,0,0,0,1,1,0,1,1,0,0,1,1,0,1,0,1,1,0,0,1,0,1,0,0,1,1,0,0,1,0,0,0,1,1,1,0,11,0,1,0,1,0,1,1,0,1,0,1,1,1,1,1,0,0,1,1,0,0,1,0,1,1,0,1,1,1,0,0,0,1,0,0,1,1,0,1,1,0,1,1,0,0,1,0,1,1,1,1,0,1,0,0,1,1,0,1,0,0,0,1,0,1,1,1,1,1,0,0,0,1,0,1,0,1,0,1,0,1,1,0,1,11,1,0,1,0,0,0,1,0,0,1,1,1,0,1,1,1,1,0,0,0,0,0,1,0,0,1,1,0,1,0,0,0,0,0,0,0,1,0,0,0,1,0,0,0,0,1,1,1,1,1,0,0,1,1,1,1,1,1,0,1,0,0,0,0,0,1,0,1,0,0,1,1,1,1,0,0,1,0,0,1,0,0,0,1,01,1,0,0,1,0,1,1,0,0,0,0,1,1,1,0,1,0,0,0,0,0,0,1,0,0,0,1,0,0,1,0,0,1,1,1,0,0,0,1,0,0,0,0,0,1,0,0,0,0,1,0,1,0,0,1,1,0,0,0,1,1,0,1,0,1,1,0,1,1,0,0,0,0,1,1,1,0,1,0,0,1,1,0,1,01,1,1,0,0,1,1,0,1,1,0,0,0,0,0,1,0,0,1,0,1,0,1,0,1,0,1,0,0,0,0,0,0,1,0,0,0,1,1,0,1,0,0,1,0,1,1,0,0,1,1,1,1,1,0,0,0,1,1,0,0,1,0,0,0,0,1,0,0,0,0,1,1,1,0,1,1,0,1,0,1,0,0,1,1,0