-1.0295246043266628
-1.0584866036008198
-1.0622875114422712
-1.0632667362525134
-1.0844824120327052
-1.0856845348026893
-1.433831590082997
-1.7016034816831502
-1.0994778695136764
-1.0693372705875
1,1,0,1,1,0,1,1,0,1,1,1,1,1,1,0,0,1,0,0,1,1,1,1,0,1,0,1,1,0,1,1,0,1,1,1,1,1,1,0,0,0,0,1,1,1,0,1,0,1,1,0,0,1,1,1,1,1,1,1,1,1,1,1,1,1,1,1,1,1,1,1,0,1,0,1,0,1,1,1,1,1,1,1,1,10,1,1,1,1,0,1,0,1,1,1,0,0,1,1,0,1,1,1,0,1,1,1,0,1,1,1,0,1,1,1,0,0,1,0,1,1,0,1,0,1,0,1,0,1,0,1,0,1,0,1,1,1,1,0,1,1,1,1,0,0,1,1,1,0,1,1,1,1,1,1,0,1,0,0,0,1,1,0,1,1,1,1,1,1,10,0,0,0,0,0,1,0,0,0,0,0,0,0,0,0,0,0,0,0,0,0,0,1,0,1,1,0,0,0,0,0,1,0,0,0,0,0,0,1,0,0,1,0,0,0,1,0,0,0,0,1,0,1,0,0,0,0,0,0,0,0,0,0,0,0,0,0,0,1,0,0,0,0,0,0,0,0,0,0,0,0,0,0,0,01,0,0,0,0,0,0,0,0,1,0,0,0,1,1,0,1,1,1,0,0,0,1,1,1,0,1,0,0,1,0,1,0,1,0,0,0,1,1,0,0,0,0,0,1,1,0,0,1,1,1,0,0,0,0,1,1,0,1,0,1,0,1,1,1,0,1,0,1,0,0,1,0,0,0,1,1,1,0,0,0,0,0,0,0,00,1,0,0,1,0,0,0,0,0,0,1,1,0,1,0,0,1,1,1,1,0,0,1,0,0,1,0,1,1,0,0,0,1,1,0,0,1,1,0,0,0,0,0,0,0,1,0,0,0,0,0,0,1,1,0,0,0,0,0,0,0,0,0,0,1,0,0,0,0,0,1,0,1,1,0,1,0,0,0,1,0,0,0,1,01,0,1,1,0,0,0,0,0,1,1,1,0,1,1,0,1,1,1,1,0,1,0,0,1,1,1,0,1,1,0,1,0,1,1,0,0,1,1,1,0,0,0,0,0,0,1,0,0,0,0,1,0,0,0,0,0,1,1,1,1,1,0,1,1,1,0,0,1,1,1,1,0,1,0,1,0,0,1,1,0,0,0,1,1,11,1,1,1,1,1,0,1,0,1,1,1,1,1,1,1,1,1,1,1,1,0,1,1,1,1,1,1,1,1,1,1,0,1,1,1,1,1,1,1,1,1,1,0,1,1,1,1,0,1,1,0,1,1,0,1,1,0,0,1,0,1,1,0,1,1,1,1,1,0,1,0,0,1,1,1,0,1,1,1,1,1,1,1,1,11,0,0,1,0,1,1,1,1,1,1,0,0,1,0,1,0,1,1,1,0,0,1,0,1,0,1,0,0,1,1,1,0,1,1,1,0,1,1,1,1,1,0,0,1,0,0,1,1,1,1,0,1,1,1,1,0,1,1,1,1,1,1,1,0,1,0,0,1,0,1,0,1,1,1,1,0,1,1,1,0,1,0,0,1,01,0,1,1,1,1,1,0,1,1,1,0,1,1,1,0,1,0,1,1,1,0,0,1,0,1,0,0,1,1,0,0,0,0,0,1,0,1,1,0,1,1,1,0,0,1,1,0,0,1,1,0,0,0,1,0,1,0,0,1,1,1,1,1,0,0,0,1,0,0,1,1,0,0,1,1,1,0,0,0,1,1,1,0,1,10,0,0,0,0,0,0,0,1,0,0,0,0,0,0,0,0,0,0,0,1,0,0,0,0,0,0,0,1,1,1,1,0,0,1,0,0,1,1,0,0,1,0,0,0,1,1,0,0,0,0,0,0,0,0,0,0,1,1,0,0,0,0,0,1,1,1,0,0,0,0,0,0,1,0,0,0,0,0,1,1,0,0,0,1,0