-1.1221793053218116
-1.0859336354558338
-1.1052354429964768
-1.082890617014398
-1.1042293012889515
-1.181436391907195
-1.0844516430163431
-1.2205907743034063
-1.133954967450044
-1.095754449023876
0,1,1,1,1,1,0,0,0,1,1,0,0,1,1,1,0,0,0,0,1,0,1,0,0,0,0,1,0,0,1,0,0,1,0,1,0,1,0,1,0,0,0,0,0,1,1,1,0,1,1,1,0,0,0,1,1,1,0,0,1,1,0,0,1,0,1,1,1,0,0,0,1,1,0,1,0,0,1,1,1,1,0,0,0,10,1,0,1,0,1,0,1,0,1,1,0,0,0,1,0,0,1,1,0,1,0,0,1,0,1,0,1,0,0,1,0,0,0,0,1,1,1,1,0,0,0,1,1,0,0,1,0,0,0,0,0,0,1,0,0,0,0,0,0,1,1,1,0,0,0,0,1,0,0,0,1,1,0,0,0,1,0,0,0,0,0,1,0,1,01,1,1,0,1,1,0,1,0,1,0,0,0,1,0,0,1,1,0,0,1,0,1,1,0,0,0,1,0,1,1,0,0,1,0,1,1,0,0,1,1,0,0,0,0,0,1,1,0,1,0,0,1,0,0,0,1,0,0,0,0,1,1,0,1,1,1,1,0,0,1,1,0,0,1,0,0,0,1,0,1,1,1,0,0,10,0,0,0,1,0,0,0,1,0,0,1,0,0,0,0,0,1,1,0,1,0,0,0,1,1,0,1,0,0,0,1,0,1,0,0,0,1,0,0,0,0,1,0,0,1,0,0,0,0,0,0,1,0,0,0,0,0,0,0,1,1,0,0,0,0,1,0,1,1,1,0,1,0,1,1,0,0,0,0,0,0,1,0,1,01,0,0,1,0,1,1,0,1,1,1,0,1,1,1,1,1,1,1,1,1,0,1,0,1,0,1,1,1,1,0,0,0,1,0,1,0,1,0,1,1,1,1,0,1,1,1,1,0,1,1,0,1,1,1,1,1,1,1,1,1,1,0,0,1,1,1,1,1,1,0,1,1,1,1,1,1,1,1,1,1,1,1,0,0,01,1,1,0,0,1,0,1,0,0,1,0,1,1,1,0,1,0,0,0,1,0,1,1,1,0,1,0,0,0,1,1,0,0,0,1,0,0,0,1,1,0,1,0,0,0,0,1,1,1,0,1,1,0,0,1,0,0,1,1,1,0,1,0,0,0,0,0,0,0,1,0,0,0,0,0,1,0,0,0,1,1,0,0,1,11,0,1,1,1,1,0,1,0,1,1,0,1,0,1,0,0,1,1,0,0,0,0,1,0,0,1,1,1,1,1,1,0,0,0,0,0,0,0,0,1,0,0,0,0,0,1,0,0,0,1,1,0,0,1,0,0,1,1,0,0,0,1,0,0,0,1,1,0,0,1,0,1,1,1,1,0,0,0,1,0,0,1,0,1,10,0,0,1,0,0,0,0,0,0,0,0,0,0,0,0,1,1,0,0,1,0,0,0,0,0,0,0,0,1,0,0,0,0,0,0,0,0,0,0,0,0,0,0,0,0,0,0,0,0,0,0,0,0,1,0,0,0,0,0,0,0,0,0,0,1,1,1,0,0,0,1,0,1,0,0,0,0,1,0,0,0,0,0,0,00,0,0,1,0,0,0,1,0,0,0,0,0,1,1,0,0,0,0,0,1,0,0,0,0,0,0,1,1,0,0,0,1,0,0,1,0,0,0,0,0,0,0,0,0,0,0,1,1,0,0,0,0,0,0,0,1,1,0,0,1,1,1,0,0,0,0,0,1,1,1,0,0,0,0,0,0,0,1,0,0,0,1,0,1,00,0,0,1,1,1,0,1,0,1,1,1,0,0,1,1,0,1,0,0,0,1,1,1,1,0,0,0,0,0,0,1,0,0,0,1,1,0,0,0,1,1,1,0,0,0,0,1,0,0,1,0,1,0,1,0,0,0,0,0,0,1,0,1,1,1,1,1,0,1,0,0,0,0,0,0,0,1,1,1,1,0,0,0,0,1